P3
200 100
255
0 253 51
1 253 51
2 253 51
3 253 51
5 253 51
6 253 51
7 253 51
8 253 51
10 253 51
11 253 51
12 253 51
14 253 51
15 253 51
16 253 51
17 253 51
19 253 51
20 253 51
21 253 51
23 253 51
24 253 51
25 253 51
26 253 51
28 253 51
29 253 51
30 253 51
31 253 51
33 253 51
34 253 51
35 253 51
37 253 51
38 253 51
39 253 51
40 253 51
42 253 51
43 253 51
44 253 51
46 253 51
47 253 51
48 253 51
49 253 51
51 253 51
52 253 51
53 253 51
55 253 51
56 253 51
57 253 51
58 253 51
60 253 51
61 253 51
62 253 51
63 253 51
65 253 51
66 253 51
67 253 51
69 253 51
70 253 51
71 253 51
72 253 51
74 253 51
75 253 51
76 253 51
78 253 51
79 253 51
80 253 51
81 253 51
83 253 51
84 253 51
85 253 51
87 253 51
88 253 51
89 253 51
90 253 51
92 253 51
93 253 51
94 253 51
95 253 51
97 253 51
98 253 51
99 253 51
101 253 51
102 253 51
103 253 51
104 253 51
106 253 51
107 253 51
108 253 51
110 253 51
111 253 51
112 253 51
113 253 51
115 253 51
116 253 51
117 253 51
119 253 51
120 253 51
121 253 51
122 253 51
124 253 51
125 253 51
126 253 51
127 253 51
129 253 51
130 253 51
131 253 51
133 253 51
134 253 51
135 253 51
136 253 51
138 253 51
139 253 51
140 253 51
142 253 51
143 253 51
144 253 51
145 253 51
147 253 51
148 253 51
149 253 51
151 253 51
152 253 51
153 253 51
154 253 51
156 253 51
157 253 51
158 253 51
159 253 51
161 253 51
162 253 51
163 253 51
165 253 51
166 253 51
167 253 51
168 253 51
170 253 51
171 253 51
172 253 51
174 253 51
175 253 51
176 253 51
177 253 51
179 253 51
180 253 51
181 253 51
183 253 51
184 253 51
185 253 51
186 253 51
188 253 51
189 253 51
190 253 51
191 253 51
193 253 51
194 253 51
195 253 51
197 253 51
198 253 51
199 253 51
200 253 51
202 253 51
203 253 51
204 253 51
206 253 51
207 253 51
208 253 51
209 253 51
211 253 51
212 253 51
213 253 51
215 253 51
216 253 51
217 253 51
218 253 51
220 253 51
221 253 51
222 253 51
223 253 51
225 253 51
226 253 51
227 253 51
229 253 51
230 253 51
231 253 51
232 253 51
234 253 51
235 253 51
236 253 51
238 253 51
239 253 51
240 253 51
241 253 51
243 253 51
244 253 51
245 253 51
247 253 51
248 253 51
249 253 51
250 253 51
252 253 51
253 253 51
254 253 51
0 250 51
1 250 51
2 250 51
3 250 51
5 250 51
6 250 51
7 250 51
8 250 51
10 250 51
11 250 51
12 250 51
14 250 51
15 250 51
16 250 51
17 250 51
19 250 51
20 250 51
21 250 51
23 250 51
24 250 51
25 250 51
26 250 51
28 250 51
29 250 51
30 250 51
31 250 51
33 250 51
34 250 51
35 250 51
37 250 51
38 250 51
39 250 51
40 250 51
42 250 51
43 250 51
44 250 51
46 250 51
47 250 51
48 250 51
49 250 51
51 250 51
52 250 51
53 250 51
55 250 51
56 250 51
57 250 51
58 250 51
60 250 51
61 250 51
62 250 51
63 250 51
65 250 51
66 250 51
67 250 51
69 250 51
70 250 51
71 250 51
72 250 51
74 250 51
75 250 51
76 250 51
78 250 51
79 250 51
80 250 51
81 250 51
83 250 51
84 250 51
85 250 51
87 250 51
88 250 51
89 250 51
90 250 51
92 250 51
93 250 51
94 250 51
95 250 51
97 250 51
98 250 51
99 250 51
101 250 51
102 250 51
103 250 51
104 250 51
106 250 51
107 250 51
108 250 51
110 250 51
111 250 51
112 250 51
113 250 51
115 250 51
116 250 51
117 250 51
119 250 51
120 250 51
121 250 51
122 250 51
124 250 51
125 250 51
126 250 51
127 250 51
129 250 51
130 250 51
131 250 51
133 250 51
134 250 51
135 250 51
136 250 51
138 250 51
139 250 51
140 250 51
142 250 51
143 250 51
144 250 51
145 250 51
147 250 51
148 250 51
149 250 51
151 250 51
152 250 51
153 250 51
154 250 51
156 250 51
157 250 51
158 250 51
159 250 51
161 250 51
162 250 51
163 250 51
165 250 51
166 250 51
167 250 51
168 250 51
170 250 51
171 250 51
172 250 51
174 250 51
175 250 51
176 250 51
177 250 51
179 250 51
180 250 51
181 250 51
183 250 51
184 250 51
185 250 51
186 250 51
188 250 51
189 250 51
190 250 51
191 250 51
193 250 51
194 250 51
195 250 51
197 250 51
198 250 51
199 250 51
200 250 51
202 250 51
203 250 51
204 250 51
206 250 51
207 250 51
208 250 51
209 250 51
211 250 51
212 250 51
213 250 51
215 250 51
216 250 51
217 250 51
218 250 51
220 250 51
221 250 51
222 250 51
223 250 51
225 250 51
226 250 51
227 250 51
229 250 51
230 250 51
231 250 51
232 250 51
234 250 51
235 250 51
236 250 51
238 250 51
239 250 51
240 250 51
241 250 51
243 250 51
244 250 51
245 250 51
247 250 51
248 250 51
249 250 51
250 250 51
252 250 51
253 250 51
254 250 51
0 248 51
1 248 51
2 248 51
3 248 51
5 248 51
6 248 51
7 248 51
8 248 51
10 248 51
11 248 51
12 248 51
14 248 51
15 248 51
16 248 51
17 248 51
19 248 51
20 248 51
21 248 51
23 248 51
24 248 51
25 248 51
26 248 51
28 248 51
29 248 51
30 248 51
31 248 51
33 248 51
34 248 51
35 248 51
37 248 51
38 248 51
39 248 51
40 248 51
42 248 51
43 248 51
44 248 51
46 248 51
47 248 51
48 248 51
49 248 51
51 248 51
52 248 51
53 248 51
55 248 51
56 248 51
57 248 51
58 248 51
60 248 51
61 248 51
62 248 51
63 248 51
65 248 51
66 248 51
67 248 51
69 248 51
70 248 51
71 248 51
72 248 51
74 248 51
75 248 51
76 248 51
78 248 51
79 248 51
80 248 51
81 248 51
83 248 51
84 248 51
85 248 51
87 248 51
88 248 51
89 248 51
90 248 51
92 248 51
93 248 51
94 248 51
95 248 51
97 248 51
98 248 51
99 248 51
101 248 51
102 248 51
103 248 51
104 248 51
106 248 51
107 248 51
108 248 51
110 248 51
111 248 51
112 248 51
113 248 51
115 248 51
116 248 51
117 248 51
119 248 51
120 248 51
121 248 51
122 248 51
124 248 51
125 248 51
126 248 51
127 248 51
129 248 51
130 248 51
131 248 51
133 248 51
134 248 51
135 248 51
136 248 51
138 248 51
139 248 51
140 248 51
142 248 51
143 248 51
144 248 51
145 248 51
147 248 51
148 248 51
149 248 51
151 248 51
152 248 51
153 248 51
154 248 51
156 248 51
157 248 51
158 248 51
159 248 51
161 248 51
162 248 51
163 248 51
165 248 51
166 248 51
167 248 51
168 248 51
170 248 51
171 248 51
172 248 51
174 248 51
175 248 51
176 248 51
177 248 51
179 248 51
180 248 51
181 248 51
183 248 51
184 248 51
185 248 51
186 248 51
188 248 51
189 248 51
190 248 51
191 248 51
193 248 51
194 248 51
195 248 51
197 248 51
198 248 51
199 248 51
200 248 51
202 248 51
203 248 51
204 248 51
206 248 51
207 248 51
208 248 51
209 248 51
211 248 51
212 248 51
213 248 51
215 248 51
216 248 51
217 248 51
218 248 51
220 248 51
221 248 51
222 248 51
223 248 51
225 248 51
226 248 51
227 248 51
229 248 51
230 248 51
231 248 51
232 248 51
234 248 51
235 248 51
236 248 51
238 248 51
239 248 51
240 248 51
241 248 51
243 248 51
244 248 51
245 248 51
247 248 51
248 248 51
249 248 51
250 248 51
252 248 51
253 248 51
254 248 51
0 245 51
1 245 51
2 245 51
3 245 51
5 245 51
6 245 51
7 245 51
8 245 51
10 245 51
11 245 51
12 245 51
14 245 51
15 245 51
16 245 51
17 245 51
19 245 51
20 245 51
21 245 51
23 245 51
24 245 51
25 245 51
26 245 51
28 245 51
29 245 51
30 245 51
31 245 51
33 245 51
34 245 51
35 245 51
37 245 51
38 245 51
39 245 51
40 245 51
42 245 51
43 245 51
44 245 51
46 245 51
47 245 51
48 245 51
49 245 51
51 245 51
52 245 51
53 245 51
55 245 51
56 245 51
57 245 51
58 245 51
60 245 51
61 245 51
62 245 51
63 245 51
65 245 51
66 245 51
67 245 51
69 245 51
70 245 51
71 245 51
72 245 51
74 245 51
75 245 51
76 245 51
78 245 51
79 245 51
80 245 51
81 245 51
83 245 51
84 245 51
85 245 51
87 245 51
88 245 51
89 245 51
90 245 51
92 245 51
93 245 51
94 245 51
95 245 51
97 245 51
98 245 51
99 245 51
101 245 51
102 245 51
103 245 51
104 245 51
106 245 51
107 245 51
108 245 51
110 245 51
111 245 51
112 245 51
113 245 51
115 245 51
116 245 51
117 245 51
119 245 51
120 245 51
121 245 51
122 245 51
124 245 51
125 245 51
126 245 51
127 245 51
129 245 51
130 245 51
131 245 51
133 245 51
134 245 51
135 245 51
136 245 51
138 245 51
139 245 51
140 245 51
142 245 51
143 245 51
144 245 51
145 245 51
147 245 51
148 245 51
149 245 51
151 245 51
152 245 51
153 245 51
154 245 51
156 245 51
157 245 51
158 245 51
159 245 51
161 245 51
162 245 51
163 245 51
165 245 51
166 245 51
167 245 51
168 245 51
170 245 51
171 245 51
172 245 51
174 245 51
175 245 51
176 245 51
177 245 51
179 245 51
180 245 51
181 245 51
183 245 51
184 245 51
185 245 51
186 245 51
188 245 51
189 245 51
190 245 51
191 245 51
193 245 51
194 245 51
195 245 51
197 245 51
198 245 51
199 245 51
200 245 51
202 245 51
203 245 51
204 245 51
206 245 51
207 245 51
208 245 51
209 245 51
211 245 51
212 245 51
213 245 51
215 245 51
216 245 51
217 245 51
218 245 51
220 245 51
221 245 51
222 245 51
